 6.75   2.80 4.68 4.87 0 8.4 4.916
13.00   1.40 5.19 4.50 0 6.5 4.563
14.75   1.40 4.82 4.73 0 7.9 5.321
12.60   3.30 4.85 4.76 0 8.3 4.865
 8.25   1.70 4.86 4.95 0 8.4 3.776
10.67   2.90 5.16 4.45 0 7.4 4.397
 7.28   3.70 4.82 5.05 0 6.8 4.867
12.67   1.70 4.86 4.70 0 8.6 4.828
12.58   0.92 4.78 4.84 0 6.7 4.865
20.60   0.68 5.16 4.76 0 7.7 4.034
 3.58   6.00 4.57 4.82 0 7.4 5.450
 7.00   4.30 4.61 4.65 0 6.7 4.853
26.20   0.60 5.07 5.10 0 7.5 4.257
11.67   1.80 4.66 5.09 0 8.2 5.144
 7.67   6.00 5.42 4.41 0 5.8 3.718
12.25   4.40 5.01 4.74 0 7.1 4.715
 0.76  88.00 4.97 4.66 1 6.5 4.625
 1.35  62.00 4.01 4.72 1 8.0 4.977
 1.44  50.00 4.96 4.90 1 6.8 4.322
 1.60  58.00 5.20 4.70 1 8.2 5.087
 1.10  90.00 4.80 4.60 1 6.6 5.971
 1.18  66.00 4.98 4.69 1 6.4 4.647
 1.20 140.00 5.35 4.76 1 7.3 5.115
 1.79 240.00 5.04 4.80 1 7.8 5.939
 1.39 420.00 4.80 4.80 1 7.4 5.916
 2.13 500.00 4.83 4.60 1 6.7 5.471
 3.03 180.00 4.66 4.72 1 7.2 4.602
 3.85 270.00 4.67 4.50 1 6.3 5.043
 1.32 170.00 4.72 4.70 1 6.8 5.075
 1.25  98.00 5.00 5.07 1 7.2 4.334
 2.00  35.00 4.70 4.80 1 7.7 5.705
